------ Begin Next Fly'm ------
1;14.0222;100
2;14.0224;100
3;14.0753;100
4;14.1434;100
5;14.221;100
6;4.53142;100
7;4.19402;100
8;3.95575;100
9;3.76795;100
10;3.61201;100
11;3.47839;100
12;3.36145;100
13;3.25753;100
14;3.16408;100
15;3.07927;100
16;3.00171;100
17;2.93032;100
18;2.86426;100
19;2.80285;100
20;2.74553;100
21;2.69183;100
22;2.64136;100
23;2.5938;100
24;2.54886;100
25;2.50629;100
26;2.46589;100
27;2.42747;100
28;2.39086;100
29;2.35593;100
30;2.32254;100
31;2.29058;100
32;2.25995;100
33;2.23055;100
34;2.2023;100
35;2.17513;100
36;2.14897;100
37;2.12375;100
38;2.09942;100
39;2.07593;100
40;2.05322;100
41;2.03126;100
42;2.01;100
43;1.98941;100
44;1.96946;100
45;1.9501;100
46;1.93131;100
47;1.91306;100
48;1.89533;100
49;1.87809;100
50;1.86131;100
51;1.84499;100
52;1.82909;100
53;1.81361;100
54;1.79851;100
55;1.78379;100
56;1.76943;100
57;1.75541;100
58;1.74173;100
59;1.72836;100
60;1.71531;100
61;1.70254;100
62;1.69006;100
63;1.67785;100
64;1.66591;100
65;1.65422;100
66;1.64277;100
67;1.63156;100
68;1.62058;100
69;1.60982;100
70;1.59927;100
71;1.58893;100
72;1.57878;100
73;1.56884;100
74;1.55907;100
75;1.54949;100
76;1.54009;100
77;1.53085;100
78;1.52178;100
79;1.51287;100
80;1.50412;100
81;1.49552;100
82;1.48706;100
83;1.47875;100
84;1.47057;100
85;1.46253;100
86;1.45462;100
87;1.44684;100
88;1.43919;100
89;1.43165;100
90;1.42423;100
91;1.41693;100
92;1.40974;100
93;1.40265;100
94;1.39568;100
95;1.3888;100
96;1.38203;100
97;1.37536;100
98;1.36878;100
99;1.3623;100
100;1.3559;100
101;1.3496;100
102;1.34338;100
103;1.33725;100
104;1.33121;100
105;1.32524;100
106;1.31936;100
107;1.31355;100
108;1.30782;100
109;1.30216;100
110;1.29658;100
111;1.29107;100
112;1.28563;100
113;1.28025;100
114;1.27495;100
115;1.26971;100
116;1.26453;100
117;1.25942;100
118;1.25436;100
119;1.24937;100
120;1.24444;100
121;1.23957;100
122;1.23475;100
123;1.22999;100
124;1.22528;100
125;1.22063;100
126;1.21603;100
127;1.21148;100
128;1.20698;100
129;1.20254;100
130;1.19814;100
131;1.19379;100
132;1.18948;100
133;1.18523;100
134;1.18102;100
135;1.17685;100
136;1.17273;100
137;1.16865;100
138;1.16461;100
139;1.16061;100
140;1.15666;100
141;1.15274;100
142;1.14887;100
143;1.14503;100
144;1.14123;100
145;1.13747;100
146;1.13375;100
147;1.13006;100
148;1.12641;100
149;1.1228;100
150;1.11921;100
151;1.11567;100
152;1.11215;100
153;1.10867;100
154;1.10522;100
155;1.10181;100
156;1.09842;100
157;1.09507;100
158;1.09175;100
159;1.08845;100
160;1.08519;100
161;1.08196;100
162;1.07875;100
163;1.07558;100
164;1.07243;100
165;1.06931;100
166;1.06621;100
167;1.06314;100
168;1.0601;100
169;1.05709;100
170;1.0541;100
171;1.05114;100
172;1.0482;100
173;1.04528;100
174;1.04239;100
175;1.03952;100
176;1.03668;100
177;1.03386;100
178;1.03106;100
179;1.02829;100
180;1.02554;100
181;1.02281;100
182;1.0201;100
183;1.01741;100
184;1.01475;100
185;1.0121;100
186;1.00948;100
187;1.00687;100
188;1.00429;100
189;1.00173;100
190;0.999182;100
191;0.996656;100
192;0.99415;100
193;0.991663;100
194;0.989194;100
195;0.986744;100
196;0.984312;100
197;0.981898;100
198;0.979501;100
199;0.977122;100
200;0.97476;100
201;14.7066;110
202;14.7068;110
203;14.7623;110
204;14.8337;110
205;14.9151;110
206;4.7526;110
207;4.39873;110
208;4.14882;110
209;3.95186;110
210;3.7883;110
211;3.64816;110
212;3.52552;110
213;3.41652;110
214;3.31852;110
215;3.22957;110
216;3.14822;110
217;3.07335;110
218;3.00407;110
219;2.93966;110
220;2.87954;110
221;2.82322;110
222;2.77029;110
223;2.7204;110
224;2.67327;110
225;2.62862;110
226;2.58625;110
227;2.54595;110
228;2.50756;110
229;2.47092;110
230;2.4359;110
231;2.40238;110
232;2.37025;110
233;2.33942;110
234;2.30979;110
235;2.28129;110
236;2.25385;110
237;2.22741;110
238;2.20189;110
239;2.17725;110
240;2.15344;110
241;2.1304;110
242;2.10811;110
243;2.08652;110
244;2.06558;110
245;2.04528;110
246;2.02557;110
247;2.00643;110
248;1.98784;110
249;1.96975;110
250;1.95216;110
251;1.93504;110
252;1.91837;110
253;1.90213;110
254;1.88629;110
255;1.87085;110
256;1.85579;110
257;1.84109;110
258;1.82674;110
259;1.81272;110
260;1.79903;110
261;1.78564;110
262;1.77255;110
263;1.75975;110
264;1.74722;110
265;1.73496;110
266;1.72295;110
267;1.71119;110
268;1.69968;110
269;1.68839;110
270;1.67733;110
271;1.66648;110
272;1.65584;110
273;1.64541;110
274;1.63517;110
275;1.62512;110
276;1.61526;110
277;1.60557;110
278;1.59606;110
279;1.58672;110
280;1.57753;110
281;1.56851;110
282;1.55964;110
283;1.55092;110
284;1.54235;110
285;1.53392;110
286;1.52562;110
287;1.51746;110
288;1.50943;110
289;1.50153;110
290;1.49375;110
291;1.48609;110
292;1.47854;110
293;1.47112;110
294;1.4638;110
295;1.45659;110
296;1.44949;110
297;1.44249;110
298;1.43559;110
299;1.42879;110
300;1.42208;110
301;1.41547;110
302;1.40895;110
303;1.40252;110
304;1.39618;110
305;1.38993;110
306;1.38375;110
307;1.37766;110
308;1.37165;110
309;1.36572;110
310;1.35987;110
311;1.35408;110
312;1.34838;110
313;1.34274;110
314;1.33718;110
315;1.33168;110
316;1.32625;110
317;1.32089;110
318;1.31559;110
319;1.31035;110
320;1.30518;110
321;1.30007;110
322;1.29502;110
323;1.29002;110
324;1.28509;110
325;1.28021;110
326;1.27538;110
327;1.27061;110
328;1.2659;110
329;1.26123;110
330;1.25662;110
331;1.25206;110
332;1.24754;110
333;1.24308;110
334;1.23866;110
335;1.23429;110
336;1.22996;110
337;1.22569;110
338;1.22145;110
339;1.21726;110
340;1.21311;110
341;1.20901;110
342;1.20494;110
343;1.20092;110
344;1.19694;110
345;1.19299;110
346;1.18909;110
347;1.18522;110
348;1.18139;110
349;1.1776;110
350;1.17384;110
351;1.17012;110
352;1.16644;110
353;1.16279;110
354;1.15917;110
355;1.15559;110
356;1.15204;110
357;1.14852;110
358;1.14503;110
359;1.14158;110
360;1.13816;110
361;1.13477;110
362;1.13141;110
363;1.12807;110
364;1.12477;110
365;1.1215;110
366;1.11825;110
367;1.11504;110
368;1.11185;110
369;1.10868;110
370;1.10555;110
371;1.10244;110
372;1.09936;110
373;1.0963;110
374;1.09327;110
375;1.09026;110
376;1.08728;110
377;1.08432;110
378;1.08139;110
379;1.07848;110
380;1.07559;110
381;1.07273;110
382;1.06989;110
383;1.06707;110
384;1.06428;110
385;1.0615;110
386;1.05875;110
387;1.05602;110
388;1.05331;110
389;1.05062;110
390;1.04795;110
391;1.0453;110
392;1.04267;110
393;1.04006;110
394;1.03748;110
395;1.03491;110
396;1.03236;110
397;1.02982;110
398;1.02731;110
399;1.02481;110
400;1.02234;110